#Comment starts with a "#" in the first column.
#Each line must not be longer than 1024 characters.


#=== VERTICES ===

#Number of vertices.
212

#Each line must provide the x, y, z coordinates of a vertex.
#The first vertex has index 0.

#floor (0-3)
800.0 0.0 0.0
0.0 0.0 0.0
0.0 0.0 400.0
800.0 0.0 400.0

#ceiling (4-7)
800.0 800.0 0.0
0.0 800.0 0.0
0.0 800.0 400.0
800.0 800.0 400.0

#light (8-11)
500.0 800.0 10.0
300.0 800.0 10.0
300.0 800.0 390.0
500.0 800.0 390.0

# Mario front (12-111)
# 2
480.0 640.0 220.0
280.0 640.0 220.0
# 4
600.0 600.0 220.0
480.0 600.0 220.0
280.0 600.0 220.0
240.0 600.0 220.0
# 6
600.0 560.0 220.0
520.0 560.0 220.0
480.0 560.0 220.0
440.0 560.0 220.0
360.0 560.0 220.0
240.0 560.0 220.0
# 7
600.0 520.0 220.0
520.0 520.0 220.0
360.0 520.0 220.0
320.0 520.0 220.0
280.0 520.0 220.0
240.0 520.0 220.0
200.0 520.0 220.0
# 7
640.0 480.0 220.0
600.0 480.0 220.0
520.0 480.0 220.0
480.0 480.0 220.0
440.0 480.0 220.0
360.0 480.0 220.0
320.0 480.0 220.0
# 8
640.0 440.0 220.0
600.0 440.0 220.0
520.0 440.0 220.0
480.0 440.0 220.0
440.0 440.0 220.0
360.0 440.0 220.0
280.0 440.0 220.0
240.0 440.0 220.0
# 5
600.0 400.0 220.0
560.0 400.0 220.0
440.0 400.0 220.0
280.0 400.0 220.0
200.0 400.0 220.0
# 6
560.0 360.0 220.0
480.0 360.0 220.0
360.0 360.0 220.0
320.0 360.0 220.0
280.0 360.0 220.0
240.0 360.0 220.0
# 5
600.0 320.0 220.0
480.0 320.0 220.0
440.0 320.0 220.0
240.0 320.0 220.0
200.0 320.0 220.0
# 6
640.0 280.0 220.0
600.0 280.0 220.0
440.0 280.0 220.0
360.0 280.0 220.0
200.0 280.0 220.0
160.0 280.0 220.0
# 10
640.0 240.0 220.0
560.0 240.0 220.0
520.0 240.0 220.0
480.0 240.0 220.0
440.0 240.0 220.0
360.0 240.0 220.0
320.0 240.0 220.0
280.0 240.0 220.0
240.0 240.0 220.0
160.0 240.0 220.0
# 8
560.0 200.0 220.0
520.0 200.0 220.0
480.0 200.0 220.0
440.0 200.0 220.0
360.0 200.0 220.0
320.0 200.0 220.0
280.0 200.0 220.0
240.0 200.0 220.0
# 4
560.0 160.0 220.0
520.0 160.0 220.0
280.0 160.0 220.0
240.0 160.0 220.0
# 6
640.0 120.0 220.0
560.0 120.0 220.0
440.0 120.0 220.0
360.0 120.0 220.0
240.0 120.0 220.0
160.0 120.0 220.0
# 8
600.0 80.0 220.0
560.0 80.0 220.0
480.0 80.0 220.0
440.0 80.0 220.0
360.0 80.0 220.0
320.0 80.0 220.0
240.0 80.0 220.0
200.0 80.0 220.0
# 4
640.0 40.0 220.0
600.0 40.0 220.0
200.0 40.0 220.0
160.0 40.0 220.0
# 4
640.0 0.0 220.0
480.0 0.0 220.0
320.0 0.0 220.0
160.0 0.0 220.0

# Mario back (12-111)
# 2
480.0 640.0 180.0
280.0 640.0 180.0
# 4
600.0 600.0 180.0
480.0 600.0 180.0
280.0 600.0 180.0
240.0 600.0 180.0
# 6
600.0 560.0 180.0
520.0 560.0 180.0
480.0 560.0 180.0
440.0 560.0 180.0
360.0 560.0 180.0
240.0 560.0 180.0
# 7
600.0 520.0 180.0
520.0 520.0 180.0
360.0 520.0 180.0
320.0 520.0 180.0
280.0 520.0 180.0
240.0 520.0 180.0
200.0 520.0 180.0
# 7
640.0 480.0 180.0
600.0 480.0 180.0
520.0 480.0 180.0
480.0 480.0 180.0
440.0 480.0 180.0
360.0 480.0 180.0
320.0 480.0 180.0
# 8
640.0 440.0 180.0
600.0 440.0 180.0
520.0 440.0 180.0
480.0 440.0 180.0
440.0 440.0 180.0
360.0 440.0 180.0
280.0 440.0 180.0
240.0 440.0 180.0
# 5
600.0 400.0 180.0
560.0 400.0 180.0
440.0 400.0 180.0
280.0 400.0 180.0
200.0 400.0 180.0
# 6
560.0 360.0 180.0
480.0 360.0 180.0
360.0 360.0 180.0
320.0 360.0 180.0
280.0 360.0 180.0
240.0 360.0 180.0
# 5
600.0 320.0 180.0
480.0 320.0 180.0
440.0 320.0 180.0
240.0 320.0 180.0
200.0 320.0 180.0
# 6
640.0 280.0 180.0
600.0 280.0 180.0
440.0 280.0 180.0
360.0 280.0 180.0
200.0 280.0 180.0
160.0 280.0 180.0
# 10
640.0 240.0 180.0
560.0 240.0 180.0
520.0 240.0 180.0
480.0 240.0 180.0
440.0 240.0 180.0
360.0 240.0 180.0
320.0 240.0 180.0
280.0 240.0 180.0
240.0 240.0 180.0
160.0 240.0 180.0
# 8
560.0 200.0 180.0
520.0 200.0 180.0
480.0 200.0 180.0
440.0 200.0 180.0
360.0 200.0 180.0
320.0 200.0 180.0
280.0 200.0 180.0
240.0 200.0 180.0
# 4
560.0 160.0 180.0
520.0 160.0 180.0
280.0 160.0 180.0
240.0 160.0 180.0
# 6
640.0 120.0 180.0
560.0 120.0 180.0
440.0 120.0 180.0
360.0 120.0 180.0
240.0 120.0 180.0
160.0 120.0 180.0
# 8
600.0 80.0 180.0
560.0 80.0 180.0
480.0 80.0 180.0
440.0 80.0 180.0
360.0 80.0 180.0
320.0 80.0 180.0
240.0 80.0 180.0
200.0 80.0 180.0
# 4
640.0 40.0 180.0
600.0 40.0 180.0
200.0 40.0 180.0
160.0 40.0 180.0
# 4
640.0 0.0 180.0
480.0 0.0 180.0
320.0 0.0 180.0
160.0 0.0 180.0


#=== MATERIALS ===

#Number of materials.
6

#Each material is specified by two lines.
#First line is the RGB reflectivity.
#Second line is the RGB emission.
#The first material has index 0.


#light
0.78 0.78 0.78
60.0 60.0 60.0

#white
0.75 0.75 0.75
0.0 0.0 0.0

#red
0.7 0.0 0.0
0.0 0.0 0.0

#green
0.0 0.7 0.0
0.0 0.0 0.0

# brown
0.3 0.21 0.18
0.0 0.0 0.0

# cream
0.827 0.714 0.55
0.0 0.0 0.0


#=== SURFACES ===

#Number of surfaces.
68

#Each surface is made of one or more quadrilateral patches.
#For each surface, the first integer is the material index,
#the second integer is the number of quadrilateral patches,
#then followed by lines where each corresponds to a 
#quadrilateral patch. Each line has 4 integers, which are
#indices to the above vertices. The vertices must be listed
#in counter-clockwise direction when viewed from its frontside.


#floor (white)
1
1
0 1 2 3

#ceiling (white)
1
4
4 8 9 5
5 9 10 6
6 10 11 7
7 11 8 4

#light (light)
0
1
8 11 10 9

#back_wall (white)
1
1
0 4 5 1

#left_wall (red)
2
1
1 5 6 2

#right_wall (green)
3
1
3 7 4 0

# mario front (red)
2
11
12 13 16 15
14 17 23 18
53 54 74 73
58 59 72 71
64 65 82 81
70 71 80 79
74 75 84 83
79 84 88 87
86 89 94 91
91 92 99 97
93 94 102 100

# mario front (brown)
4
21
20 21 35 34
22 23 29 26
27 28 44 37
37 44 43 36
29 30 50 45
45 50 49 44
33 34 41 40
39 42 48 46
52 53 59 58
59 53 65 64
57 58 71 63
63 71 68 62
69 70 79 78
54 56 60 74
74 60 61 66
74 66 67 77
75 76 85 84
96 98 109 105
105 109 108 104
101 103 106 110
110 106 107 111

# mario front (cream)
5
15
19 20 34 33
24 25 33 32
31 33 40 38
28 29 45 44
26 27 37 36
34 35 42 41
21 22 43 42
42 44 49 48
47 49 55 51
71 72 81 80
73 74 83 82
68 69 91 90
78 79 87 86
84 85 89 88
76 77 95 94

# mario back (red)
2
11
112 113 116 115
114 117 123 118
153 154 174 173
158 159 172 171
164 165 182 181
170 171 180 179
174 175 184 183
179 184 188 187
186 189 194 191
191 192 199 197
193 194 202 200

# mario back (brown)
4
21
120 121 135 134
122 123 129 126
127 128 144 137
137 144 143 136
129 130 150 145
145 150 149 144
133 134 141 140
139 142 148 146
152 153 159 158
159 153 165 164
157 158 171 163
163 171 168 162
169 170 179 178
154 156 160 174
174 160 161 166
174 166 167 177
175 176 185 184
196 198 209 205
205 209 208 204
201 203 206 210
210 206 207 211

# mario back (cream)
5
15
119 120 134 133
124 125 133 132
131 133 140 138
128 129 145 144
126 127 137 136
134 135 142 141
121 122 143 142
142 144 149 148
147 149 155 151
171 172 181 180
173 174 183 182
168 169 191 190
178 179 187 186
184 185 189 188
176 177 195 194

# mario red side (14)
2
1
112 113 13 12

2
1
112 12 15 115

2
1
113 13 16 116

2
2
114 115 15 14
116 117 17 16

2
1
114 14 18 118

2
1
117 17 23 123

2
1
118 119 19 18

2
1
191 91 97 197

2
1
194 94 102 202

2
1
192 193 93 92

2
1
192 92 99 199

2
1
193 93 100 200

2
1
198 199 99 98

2
1
200 201 101 100

# mario brown side (29)
4
1
123 23 29 129

4
1
129 130 30 29

4
1
130 30 50 150

4
1
149 150 50 49

4
1
155 156 56 55

4
1
156 56 60 160

4
1
160 161 61 60

4
1
161 61 66 166

4
1
166 167 67 66

4
1
167 67 77 177

4
1
139 39 46 146

4
1
146 147 47 46

4
1
152 52 58 158

4
1
157 158 58 57

4
1
157 57 63 163

4
1
162 163 63 62

4
1
162 62 68 168

4
1
202 203 103 102

4
1
203 103 106 206

4
1
206 207 107 106

4
1
207 107 111 211

4
1
210 211 111 110

4
1
201 101 110 210

4
1
198 98 109 209

4
1
208 209 109 108

4
1
204 104 108 208

4
1
204 205 105 104

4
1
196 96 105 205

4
1
196 197 97 96

# mario cream side
5
1
119 19 25 125

5
1
124 125 25 24

5
1
124 24 32 132

5
1
131 132 32 31

5
1
131 31 38 138

5
1
138 139 39 38

5
1
147 47 51 151

5
1
151 152 52 51

5
1
168 68 90 190

5
1
190 191 91 90

5
1
149 49 55 155

5
1
177 77 95 195

5
1
194 195 95 94

#End of file.
